function color=colors_AAA()
%%Colors;
color.r = [204,0,0]/255;
color.lr = [255,153,153]/255;
color.o = [204,102,0]/255;
color.lo = [255,204,153]/255;
color.y = [204,204,0]/255;
color.ly = [255,255,153]/255;
color.g = [0,204,0]/255;
color.lg = [153,255,153]/255;
color.c = [0,204,204]/255;
color.lc = [153,255,255]/255;
color.b = [0,102,204]/255;
color.lb = [153,204,255]/255;
color.p = [102,0,204]/255;
color.lp = [204,153,255]/255;
color.m = [0,204,204]/255;
color.lm = [255,153,255]/255;
color.bk1 = 0*[1,1,1];
color.bk2 = 0.25*[1,1,1];
color.bk3 = 0.5*[1,1,1];
color.bk4 = 0.75*[1,1,1];
color.bk5 = 1*[1,1,1];
end